00
00
00
00
00
00
00
00
00
00
00
00
00
00
00
00
00
00
00
00
00
00
00
00
00
00
00
00
00
00
00
00
00
00
00
00
00
00
00
00
00
00
00
00
00
00
00
00
00
00
00
00
00
00
00
00
00
00
00
00
00
00
00
00
00
00
00
00
00
00
00
00
00
04
3A
7F
6E
2C
00
00
00
00
00
00
00
00
00
00
00
00
00
00
00
00
00
00
00
00
00
06
2F
6A
7E
7E
7E
4E
00
00
00
00
00
00
00
00
00
00
00
00
00
00
00
00
00
00
00
08
2F
68
7E
7E
7E
7A
3E
09
00
00
00
00
00
00
00
00
00
00
00
00
00
00
00
00
00
14
30
67
7E
7F
7E
7E
63
20
00
00
00
00
00
00
00
00
00
00
00
00
00
00
00
00
00
16
5B
78
7E
7E
7E
7F
7E
63
0C
00
00
00
00
00
00
00
00
00
00
00
00
00
00
00
00
00
00
07
1E
1E
54
7E
7E
7F
64
0B
00
00
00
00
00
00
00
00
00
00
00
00
00
00
00
00
00
00
00
00
00
23
7B
7E
7E
7A
0A
00
00
00
00
00
00
00
00
00
00
00
00
00
00
00
00
00
00
00
00
00
25
67
7E
7E
67
2E
00
00
00
00
00
00
00
00
00
00
00
00
00
00
00
00
00
00
00
00
00
27
6D
7E
7E
7E
45
00
00
00
00
00
00
00
00
00
00
00
00
00
00
00
00
00
00
00
00
00
34
7D
7E
7E
7E
11
00
00
00
00
00
00
00
00
00
00
00
00
00
00
00
00
00
00
00
00
00
2F
7F
7F
7F
7F
2F
00
00
00
00
00
01
06
06
06
04
00
00
00
00
00
00
00
00
00
00
00
00
35
7E
7E
7E
66
07
00
00
00
00
0A
53
7E
7E
7E
6A
0C
00
00
00
00
00
00
00
00
00
00
10
6C
7E
7E
42
20
00
00
09
15
4E
55
7E
7E
7E
7E
7E
50
01
00
00
00
00
00
00
00
00
01
53
7E
7E
79
18
08
18
4F
69
7F
7E
7E
7E
7E
7E
7E
7E
7E
05
00
00
00
00
00
00
00
00
05
71
7E
7E
67
07
56
7E
7E
7E
7F
7B
64
7E
69
69
7E
7E
57
02
00
00
00
00
00
00
00
00
05
72
7E
7E
70
2B
79
7E
7E
5C
1E
1B
04
1E
11
5B
7E
7E
1A
00
00
00
00
00
00
00
00
00
06
7E
7E
7E
7E
73
7E
7E
7E
2E
2B
2B
2B
36
6C
7E
7E
43
02
00
00
00
00
00
00
00
00
00
01
39
7E
7E
7E
7E
7E
7E
7E
7E
7F
7E
7E
7E
7E
7E
43
02
00
00
00
00
00
00
00
00
00
00
00
01
53
7E
7E
7E
7E
7E
7E
7E
7F
7E
7E
7E
57
1A
02
00
00
00
00
00
00
00
00
00
00
00
00
00
03
11
42
70
7E
7E
7E
61
42
42
42
37
02
00
00
00
00
00
00
00
00
00
00
00
00
00
00
00
00
00
00
00
00
00
00
00
00
00
00
00
00
00
00
00
00
00
00
00
00
00
00
00
00
00
00
00
00
00
00
00
00
00
00
00
00
00
00
00
00
00
00
00
00
00
00
00
00
00
00
00
00
00
00
00
00
00
00
00
00
00
00
00
00
00
00
00
00
00
00
00
00
00
00
00
00
00
00
00
00
00
00
00
00
00
00
00
00
00
00
00
00
00
00
00
00
00
00
00
00
00
00
00
00
00
00
00
00
00
00
00
00
00
00
00
00
00
00
00
00
00
00
00
00
00
00
00
00
00
00
00
00
00
00
00
00
00
00
00
00
00
00
00
00
00
00
00
00
00
00
00
00
00
00
00
00
00
00
00
00
